fnames<-c("C000S5A1bs.DMR.chr1.27994303.27994356.txt",\
"C0010KA2bs.DMR.chr1.27994303.27994356.txt" ,\
"C004SQ51.DMR.chr1.27994303.27994356.txt" ,\
"C005PS51.DMR.chr1.27994303.27994356.txt",\
"S000RD54.DMR.chr1.27994303.27994356.txt" ,\
"S007G756.DMR.chr1.27994303.27994356.txt" ,\
"C005VG51.DMR.chr1.27994303.27994356.txt" ,\
"S001S751.DMR.chr1.27994303.27994356.txt" ,\
"S0039051.DMR.chr1.27994303.27994356.txt" ,\
"S00BHQ51.DMR.chr1.27994303.27994356.txt" ,\
"S00DVR51.DMR.chr1.27994303.27994356.txt" )

col.samples<-c( rep("blue",6), rep("red",5))



